0 0 0 0 0 0 0 0 0 100 100 100 100 100 100 0 0 0 0 0 
0 0 0 0 0 0 0 0 0 0 0 100 100 100 100 100 0 0 0 0 
0 0 0 0 0 0 0 0 0 0 0 0 100 100 100 100 0 0 0 0 
0 0 0 0 0 0 0 0 0 0 0 100 100 100 100 100 0 0 0 0 
0 0 0 0 0 0 0 0 0 0 0 100 100 100 100 100 0 0 0 0 
0 0 0 0 0 0 0 0 0 0 0 0 100 100 100 100 0 0 0 0 
0 0 0 0 0 0 0 0 0 0 0 100 100 100 100 100 0 0 0 0 
0 0 0 0 0 0 0 0 0 0 0 0 0 0 0 0 0 0 0 0 
0 0 0 0 0 0 0 0 0 0 0 0 0 0 0 0 0 0 0 0 
0 0 0 0 0 0 0 0 0 0 0 0 0 0 0 0 0 0 0 0 
100 0 0 0 0 0 0 0 0 0 0 0 0 0 0 0 0 0 0 0 
100 100 0 0 0 0 0 0 0 0 0 0 0 0 0 0 0 0 0 0 
100 100 0 0 0 0 0 0 0 0 0 0 0 0 0 0 0 0 0 0 
100 100 0 0 0 0 0 0 0 0 0 0 0 0 0 0 0 0 0 0 
0 0 0 0 0 0 0 0 0 0 0 0 0 0 0 0 0 0 0 0 
0 0 0 100 100 0 100 0 0 0 0 0 0 0 0 0 0 0 0 0 
0 0 0 100 100 100 100 0 0 0 0 0 0 0 0 0 0 0 0 0 
0 0 100 100 100 100 100 0 0 0 0 0 0 0 0 0 0 0 0 0 
100 100 100 100 100 100 100 100 0 0 0 0 0 0 0 0 0 0 0 0 
12 100 100 100 100 100 100 100 100 0 0 0 0 0 0 0 0 0 0 0 

1 // NUM EVENTS 

Event Test
1 //NUM CONDITIONS FOR EVENT
1 //NUM ACTIONS FOR EVENT
true

IF
BRING
5 //NUM ARGUMENTS
4 //num string
1 //num double
Atreides
At Least
Combat Tank
Location 0
1.0 //NUM UNITS

DISPLAY TEXT
None
2
1
1
Event Text....freakin java.
100.0

